    4.0319
    3.8338
    3.5235
    3.4195
    3.2235
    3.1253
    2.9993
    2.8334
    2.4736
    2.4102
    2.1286
    1.9911
    1.9593
    1.9758
    1.6130
    1.5996
    1.4174
    1.4342
    1.1011
    1.1058
    1.0553
    1.0126
    0.9644
    0.7311
    0.4908
    0.4883
    0.3838
    1.6575
    0.2984
    0.3773
    0.2308
    0.2914
    0.0835
   -0.0177
   -0.0522
    0.1113
    0.0223
    0.0029
    0.1519
    0.0317
    0.0198
    0.1613
   -0.0704
    0.0922
    0.1235
    0.0381
    0.1116
    0.0059
    0.0452
    0.2130
    0.3222
    0.5610
    0.2933
    0.4412
    0.4818
    0.3692
    0.5961
    0.5430
    0.8940
    0.8137
    1.0100
    1.0480
    1.2404
    1.2625
    1.4890
    1.6364
    1.8612
    1.8031
    1.7462
    2.0185
    1.1855
    2.2953
    2.6561
    2.7349
    3.0337
    2.8664
    3.2202
    3.3017
    3.9008
    3.8850
    4.1379
